0 25
0.14970973274527716
0 50
0.15004828825827013
0 100
0.14050941082197144
0 20
0.1412942857875163
0 200
0.1278264388450809
1 25
0.1509000114182607
1 50
0.1543736666171426
1 100
0.1519970297475601
1 20
0.14332017155691371
1 200
0.1464380534838582
2 25
0.15176898073043593
2 50
0.15477542042546324
2 100
0.1387377707752858
2 20
0.1269189604507941
2 200
0.13835009221790853
3 25
0.13381821878993452
3 50
0.1330360412078449
3 100
0.16044037172393885
3 20
0.16055287974403984
3 200
0.12120314005609292
4 25
0.14767598789273775
4 50
0.14987165738460856
4 100
0.1438227194294981
4 20
0.14717386677513497
4 200
0.14775854942888447
5 25
0.1490982810210241
5 50
0.16338385393366753
5 100
0.16079755316984815
5 20
0.14366810432135363
5 200
0.1340860507322745
6 25
0.14845738965581917
6 50
0.15305695999839405
6 100
0.13517930194488705
6 20
0.1418240003812
6 200
0.15359104059066893
7 25
0.14912928065313938
7 50
0.1498275799003958
7 100
0.14679098084963554
7 20
0.14324542403616622
7 200
0.14241003758815138
8 25
0.14749020660212397
8 50
0.15005153147894612
8 100
0.1421461299416132
8 20
0.1466672024596537
8 200
0.1410805394225566
9 25
0.1494700078631235
9 50
0.1494700078631235
9 100
0.14643877836555885
9 20
0.14346014984480238
9 200
0.14139008070613643
