0 25
0.13537227551745286
0 50
0.17334538598801622
0 100
0.21674163782239986
0 20
0.14990635881970944
0 200
0.19487306812070895
1 25
0.16736989426508345
1 50
0.17832151990918324
1 100
0.2062849043637571
1 20
0.21041032201811483
1 200
0.1900871424297736
2 25
0.1251694924048852
2 50
0.14525687421852915
2 100
0.18944852177756483
2 20
0.20286298563851743
2 200
0.11490136322181196
3 25
0.16736989426508345
3 50
0.23761761494508976
3 100
0.1605419469445513
3 20
0.1942967743363198
3 200
0.1921076356012054
4 25
0.11936880198492833
4 50
0.18587494309651642
4 100
0.18943628279036331
4 20
0.1881343979065097
4 200
0.1832918092224975
5 25
0.11089810484734859
5 50
0.19484325382457457
5 100
0.2118870650041849
5 20
0.20951491676587358
5 200
0.11803514897368484
6 25
0.1350420948300726
6 50
0.23030901629108114
6 100
0.16153664878828648
6 20
0.17127917489820954
6 200
0.14390406779725943
7 25
0.18025125698245397
7 50
0.19848205778907198
7 100
0.23284282659063532
7 20
0.23143421025583766
7 200
0.24640196348541255
8 25
0.14591072863760846
8 50
0.19753841976050187
8 100
0.18264938644898146
8 20
0.19552212486634915
8 200
0.1868043068511271
9 25
0.14743678827810563
9 50
0.2025021457249054
9 100
0.1729583843014799
9 20
0.22925390557095707
9 200
0.12531380309219827
