0 25
0.09453551227074634
0 50
0.06611774745928536
0 100
0.04564384447902409
0 20
0.03961982234407976
0 200
0.03546528239398119
1 25
0.11498904880602887
1 50
0.07446536112945362
1 100
0.05002291457676254
1 20
0.04906169419895413
1 200
0.045701119537625345
2 25
0.10797824271844933
2 50
0.07376047241419875
2 100
0.04361667111618086
2 20
0.03994765320292353
2 200
0.047664052460289937
3 25
0.10310091423984065
3 50
0.0933123670456929
3 100
0.04050142657651763
3 20
0.04110304419222186
3 200
0.041281881484060104
4 25
0.11608136545341256
4 50
0.06490405099868457
4 100
0.055716230182705065
4 20
0.05781595832661682
4 200
0.049083697436062036
5 25
0.10787015159130575
5 50
0.07004102492898075
5 100
0.0646152108647405
5 20
0.05947102491981027
5 200
0.04373381982880852
6 25
0.1343450152409124
6 50
0.08064436077003416
6 100
0.0643879836378385
6 20
0.06308721629161955
6 200
0.05138109617566828
7 25
0.12707249556984052
7 50
0.0636450814762359
7 100
0.04373095504297208
7 20
0.04219910897098964
7 200
0.0480698292210903
8 25
0.11027378362839575
8 50
0.11027378362839575
8 100
0.07226051106654297
8 20
0.06184735948190023
8 200
0.03682760770469664
9 25
0.11901776716454149
9 50
0.10314704364808443
9 100
0.05033689149000502
9 20
0.047525619950751184
9 200
0.037527387467360646
